LACUNA_NUMBER, TRIANGLES, SCALE_X, SCALE_Y, SCALE_Z, POS_X, POS_Y, POS_Z , STD_X, STD_Y, STD_Z,PROJ_X, PROJ_Y, PROJ_Z, PCA1_X, PCA1_Y, PCA1_Z, PCA1_S, PCA2_X, PCA2_Y, PCA2_Z, PCA2_S, PCA3_X, PCA3_Y, PCA3_Z, PCA3_S,PROJ_PCA1, PROJ_PCA2, PROJ_PCA3,OBJ_RADIUS, OBJ_RADIUS_STD, VOLUME, VOLUME_BOX, Mask_Grad_X,Mask_Grad_Y,Mask_Grad_Z,Mask_Angle, Mask_Distance_Mean,Mask_Distance_COV, Mask_Distance_STD, Canal_Distance, Canal_Distance_STD, Canal_Distance_CX, Canal_Distance_CY, Canal_Distance_CZ, Canal_Distance_GRAD_X, Canal_Distance_GRAD_Y, Canal_Distance_GRAD_Z, Canal_Distance_ANGLE, Canal_Region, Canal_Region_STD, Density_CNT, Density_CX, Density_CY, Density_CZ
1, 0 ,0.00139999995008111,0.00139999995008111,0.00139999995008111,1170.092529481213,739.837553024999,716.4886588278902,21.68348559204041,23.29206838667157,166.42138146949378,133.0,158.0,598.0,-0.11033457453628609,0.09737680819602693,0.98911275337418,168.2423448504026,0.18010350475936382,0.9806718580139396,-0.07645544109402283,16.77445110251319,-0.9774400284596958,0.16970699492078117,-0.12573991665206197,11.040896558341668,618.1027861614643,132.93530372987482,88.6853499949982,148.7529122100452,81.12546650957545,582744.0,7287069.602273358, 0.30460534788630866, -0.7065942976694259,-1.8340372741768078,72.96366383277712, 60.30097778784509,60.30097778784509,18.81411964775461, 127.0, 0.0, 1170.092529481213, 739.837553024999, 716.4886588278902, 0.0, 0.0, 0.0, NaN, 127.0, 0.0, 630547.0, 1170.249017123228, 739.8408492943429, 715.6845595966677
2, 0 ,0.00139999995008111,0.00139999995008111,0.00139999995008111,1247.1996726677578,714.4760346036942,415.5889642272621,6.208961211967193,4.007031274755207,9.780516281880374,40.0,29.0,36.0,-0.4573723335321638,-0.20427033850463128,0.8654964918048752,10.913383328947457,-0.6733811469820922,-0.5561352038611246,-0.48710518978494566,5.186667739121982,-0.580834209915726,0.805597457688112,-0.11680906111267927,2.064591918057779,53.89788283684106,28.258061984362712,10.87636480255776,11.012078642460393,5.385176104917547,4277.0,16565.244302214745, 0.2892577136772161, 0.7740468995215224,0.845907294032429,74.6392125442722, 15.77788169277531,15.77788169277531,24.697567406014713, 127.0, 0.0, 1247.1996726677578, 714.4760346036942, 415.5889642272621, 0.0, 0.0, 0.0, NaN, 127.0, 0.0, 7275.0, 1250.009209621993, 718.1586254295532, 417.17388316151204
3, 0 ,0.00139999995008111,0.00139999995008111,0.00139999995008111,1288.8928833455614,723.1449009537785,424.8776595744681,4.3711990904356215,5.9114511442359605,10.94189783347133,19.0,32.0,53.0,-0.3019573592356117,0.03902330223781652,0.9525224066056988,11.438169261311707,-0.2949066677895838,0.9463287192350616,-0.13225737198421766,6.185503385825802,-0.9065604284859888,-0.3208412957107979,-0.2742426889999374,2.1646237849935877,52.99595821336652,34.79814704188283,11.101020272855521,11.902323992151997,5.66678461765412,5452.0,20472.070274088706, 0.1830481295332902, 1.6397544428405126,-1.1369347483246202,73.70305644940296, 16.22065297138665,16.22065297138665,26.82326998397205, 127.0, 0.0, 1288.8928833455614, 723.1449009537785, 424.8776595744681, 0.0, 0.0, 0.0, NaN, 127.0, 0.0, 10008.0, 1287.3698041566747, 730.4293565147882, 426.15267785771385
4, 0 ,0.00139999995008111,0.00139999995008111,0.00139999995008111,1032.1787946986747,829.0955238809703,409.2433108277069,7.244025774731054,2.5626196019256415,6.4804369958417505,35.0,16.0,25.0,-0.9624726185831453,-0.10874858867718547,0.2486366886411273,7.365539283783106,-0.22345074185101887,-0.20234770722081524,-0.9534805563558749,6.508722655173321,0.15400072871234674,-0.9732569803721933,0.17045417481794484,2.1034145486083355,34.93065971831027,30.00417141806213,10.007017987623385,9.38679798877196,3.5954159459237416,3999.0,10488.010330062862, 0.8485562242981359, 0.47865220871756264,1.3175860506153185,82.68403124727564, 12.936984246061515,12.936984246061515,22.854575316787876, 127.0, 0.0, 1032.1787946986747, 829.0955238809703, 409.2433108277069, 0.0, 0.0, 0.0, NaN, 127.0, 0.0, 4567.0, 1033.6056492226844, 829.372016641121, 409.6505364571929
5, 0 ,0.00139999995008111,0.00139999995008111,0.00139999995008111,1283.5654271927335,841.5271075787681,413.2265114958842,8.789713316433613,2.4835628374102443,6.400824080901028,43.0,13.0,33.0,-0.9047536244988257,-0.0064527863562061465,0.4258864173749599,9.356910750477997,-0.4186476468715781,0.19764332023045642,-0.8863809935559153,5.63206115291119,0.07845397838942315,0.9802527630751792,0.18151995416027827,2.2640233754438213,43.91553406880735,34.476952598984894,11.473829240725877,10.068335946573935,4.798573197735487,3523.0,17372.22408357941, -5.278930665292592, 0.2405290016275785,1.1519905211112018,22.167958065213703, 20.476014760147603,20.476014760147603,29.857446925103808, 127.0, 0.0, 1283.5654271927335, 841.5271075787681, 413.2265114958842, 0.0, 0.0, 0.0, NaN, 127.0, 0.0, 7980.0, 1278.7696741854636, 841.4824561403509, 418.6201754385965
6, 0 ,0.00139999995008111,0.00139999995008111,0.00139999995008111,1145.043535869771,782.5441983721371,427.42494794624264,5.7719613568171795,2.4947580736297446,10.658669203960203,33.0,13.0,47.0,-0.18202239035004056,-0.0283379032407192,0.9828859611629301,10.792361354572044,-0.951574463142105,-0.24676527021530067,-0.1833383279933147,5.677126806206231,-0.2477375435961854,0.9686608615276503,-0.01795117927710241,2.107546575659899,48.67528286217117,35.72459488614959,11.1760141981797,11.325170420014844,4.988697215466315,5283.0,19434.024300674824, -0.9071698580653447, -0.07888430441130367,-0.8963761444031775,75.73103414666465, 14.488737459776642,14.488737459776642,24.030314314095722, 127.0, 0.0, 1145.043535869771, 782.5441983721371, 427.42494794624264, 0.0, 0.0, 0.0, NaN, 127.0, 0.0, 7072.0, 1139.460407239819, 783.3359728506788, 425.9906674208145
7, 0 ,0.00139999995008111,0.00139999995008111,0.00139999995008111,1064.9531531531532,788.4222972972973,423.9921171171171,3.3808634703834373,3.33684024648067,9.162063431816339,15.0,16.0,39.0,0.020548974272878894,0.025697125581483238,0.999458552113684,9.166357766353945,-0.9510276129441475,-0.3078829667915796,0.027469222365618176,3.3817707936754786,-0.30842214426673276,0.9510771453969781,-0.018111996837626203,3.324102670312507,39.235811157287,16.02476382663758,16.686378862307606,9.492155139564385,4.050572523850609,4440.0,10491.47072574271, -0.1554220577088472, -0.029783966588297517,-0.16173025815425035,78.62092052176712, 12.586936936936937,12.586936936936937,21.55703958066853, 127.0, 0.0, 1064.9531531531532, 788.4222972972973, 423.9921171171171, 0.0, 0.0, 0.0, NaN, 127.0, 0.0, 8084.0, 1074.3488372093022, 783.9365413161801, 420.63879267689265
8, 0 ,0.00139999995008111,0.00139999995008111,0.00139999995008111,1164.8810063930707,742.0074242111775,437.4035883687358,3.324057576621679,3.962489950685032,12.052483509494056,15.0,18.0,52.0,0.10522598542600992,0.1643561796217535,0.9807724191734121,12.261546531233884,-0.6224486033414814,-0.7582737745706536,0.19385205440390138,4.128374950796689,-0.7755547873550678,0.6308786959618433,-0.022513169304204977,2.150358355396328,53.6037958650345,20.03698373620591,9.826350187526543,11.739269841073767,5.848297848695487,4849.0,10554.07382216081, 0.13265107322285985, 0.3256653334675548,-0.3082404928772462,85.20092644662985, 12.970921839554547,12.970921839554547,22.544001108326732, 127.0, 0.0, 1164.8810063930707, 742.0074242111775, 437.4035883687358, 0.0, 0.0, 0.0, NaN, 127.0, 0.0, 5143.0, 1164.892475209022, 742.0596927863115, 437.39004472098
9, 0 ,0.00139999995008111,0.00139999995008111,0.00139999995008111,1008.6477037649979,861.3740173769136,433.0424079437319,3.368274171754579,3.5194881696227966,10.628961636973326,16.0,16.0,53.0,-0.10271235076937804,0.02751825999518973,0.9943303869269338,10.682880281158262,0.6126911081950595,-0.785734456935847,0.08503510523566336,3.9511489059914706,-0.7836196647214377,-0.6179515422349614,-0.06384443994032887,2.6403379657909185,53.68631887325358,18.968239941907058,13.428998064830012,10.523690767564595,5.094980469162878,4834.0,13675.218448717433, -0.24244811345124617, -0.057071753071340936,2.2042929300242236,41.31220670994265, 12.619155978485725,12.619155978485725,22.273081663029373, 127.0, 0.0, 1008.6477037649979, 861.3740173769136, 433.0424079437319, 0.0, 0.0, 0.0, NaN, 127.0, 0.0, 7692.0, 1010.0747529901196, 866.6527561102444, 443.52769110764433
10, 0 ,0.00139999995008111,0.00139999995008111,0.00139999995008111,1067.3708238223699,869.139863042125,439.60302967420625,4.672826299968615,2.2534809627306855,12.000601732913864,24.0,13.0,57.0,0.16646328845202285,-0.014192588932764944,0.9859455076306829,12.150341838715319,0.9853246914217961,0.040676602602899646,-0.16577293649817537,4.274292383915307,0.037752166458111545,-0.9990715612107426,-0.020755469342987786,2.2422180648302144,57.58737059829605,20.888955131391526,12.557785819968444,11.6913144333663,5.851588745908591,4819.0,15106.262881338123, -0.3091643628347356, -0.35232648167595926,-0.594507066204244,82.24151194175708, 14.82818012035692,14.82818012035692,23.687053774713704, 127.0, 0.0, 1067.3708238223699, 869.139863042125, 439.60302967420625, 0.0, 0.0, 0.0, NaN, 127.0, 0.0, 8445.0, 1061.0387211367672, 872.1142687981054, 440.8994671403197
11, 0 ,0.00139999995008111,0.00139999995008111,0.00139999995008111,1170.0388925510877,833.5179630850363,433.8447593935399,5.736967135858587,3.3481033411198027,9.431358402506731,26.0,17.0,44.0,-0.055672311493636675,0.171451842611835,0.9836182488130049,9.577563066082798,-0.95585314710987,-0.29383063784157604,-0.00288399475888934,5.928533442185017,0.2885227112258449,-0.9403551573371729,0.1802410141345988,2.48915370304325,44.873506934641455,26.80867910333245,12.28595097901399,10.752308023169077,4.178633914590105,6068.0,14779.992241632963, -0.3053768412271438, 0.03927766538947708,0.747883859199078,43.770315081075566, 12.289222148978247,12.289222148978247,21.420167336936093, 127.0, 0.0, 1170.0388925510877, 833.5179630850363, 433.8447593935399, 0.0, 0.0, 0.0, NaN, 127.0, 0.0, 7073.0, 1172.493567086102, 835.1070267213347, 434.058956595504
12, 0 ,0.00139999995008111,0.00139999995008111,0.00139999995008111,1215.1211837422738,837.3656115377412,432.6785914965349,9.239813383475092,2.4675578580435182,7.0503827678547655,42.0,17.0,32.0,0.8504762095627677,0.06322047967431675,0.5222005246239199,10.3436927406476,-0.525849447437555,0.1269783347386977,0.8410462895326309,5.373695696023196,0.013136803163862345,0.9898887177136312,-0.14123650712863658,2.30267352681988,49.73975779957823,23.72564062712786,16.24675704177946,10.945280526638268,4.6229562523014245,5339.0,19172.921759836743, -0.5597444396678384, -0.17019812244461718,-0.013735440043888048,59.409826647206614, 14.137666229631018,14.137666229631018,23.906165346721654, 127.0, 0.0, 1215.1211837422738, 837.3656115377412, 432.6785914965349, 0.0, 0.0, 0.0, NaN, 127.0, 0.0, 5916.0, 1214.5512170385396, 837.3203177822853, 432.67951318458415
13, 0 ,0.00139999995008111,0.00139999995008111,0.00139999995008111,1096.9350462487153,905.9804727646455,441.47584789311406,5.258956528111059,2.6641830855611075,11.390945107741288,25.0,13.0,49.0,0.23399954549765342,0.07376333649719267,0.969434465498155,11.684288808559629,-0.9024627906535455,-0.35444622056891384,0.24480357066478567,4.915873721036332,-0.3616699105437266,0.9321624573609556,0.016371588013313825,1.9544068978898974,52.53838686584254,25.72606748060207,9.583707340260503,11.510505603096767,5.658302438594304,4865.0,12953.397165935063, -0.1541858396585667, -0.0765108604470015,0.2655265726426137,86.6475287853581, 13.899075025693731,13.899075025693731,23.639548472226217, 127.0, 0.0, 1096.9350462487153, 905.9804727646455, 441.47584789311406, 0.0, 0.0, 0.0, NaN, 127.0, 0.0, 6607.0, 1092.9175117299833, 906.3310125624338, 439.96397759951566
14, 0 ,0.00139999995008111,0.00139999995008111,0.00139999995008111,985.1697027804411,780.0920421860019,434.1534036433365,3.7735216426562666,5.919689747103321,6.960362741196736,17.0,29.0,32.0,-0.2983099173639667,-0.44747182906642224,0.8430777872736617,7.791718718910049,0.26658172052049306,-0.8872044337075427,-0.3765666993960185,5.3801729649734416,-0.9164853405737793,-0.11241554608517468,-0.3839496913812208,2.841073749650083,37.270285637121106,27.814970578913062,14.098963699168507,9.289952749014345,3.38018042413023,5215.0,14615.999464394992, 0.02087168387060956, -0.05421750805987813,0.11399715959146306,44.40581583286539, 11.893192713326942,11.893192713326942,20.610693164967216, 127.0, 0.0, 985.1697027804411, 780.0920421860019, 434.1534036433365, 0.0, 0.0, 0.0, NaN, 127.0, 0.0, 8547.0, 984.7754767754768, 776.1567801567802, 433.8845208845209
15, 0 ,0.00139999995008111,0.00139999995008111,0.00139999995008111,968.9259446693658,833.3809041835358,445.263326585695,3.2538902728687042,6.742766383887888,10.199477600337794,27.0,39.0,52.0,0.15267809666933665,-0.24904415032533306,0.9563819372960584,10.489799656824223,0.20228544826142977,-0.9393635419722948,-0.27690563994786543,6.585523595118752,-0.9673520539178592,-0.2357395749593127,0.0930422300834496,2.5839941704994422,56.85023709927242,40.57479697237102,20.004604688442896,11.476476209395171,5.326587796191609,5928.0,46144.35813686155, 0.21458756133824863, 1.0009978520876075,-0.8799826501563643,56.17340360017811, 15.910931174089068,15.910931174089068,24.508863181236265, 127.0, 0.0, 968.9259446693658, 833.3809041835358, 445.263326585695, 0.0, 0.0, 0.0, NaN, 127.0, 0.0, 16470.0, 977.2610200364298, 847.0535519125683, 443.1927140255009
16, 0 ,0.00139999995008111,0.00139999995008111,0.00139999995008111,1049.1691065118628,852.6375567895003,447.7953054013125,4.72325218634505,2.84442348545259,9.418919824019161,21.0,14.0,45.0,-0.3392620911583779,0.04822786642074143,0.9394547921019657,9.948577291996465,0.8758333379693088,0.38060014585735197,0.29674819809882763,3.6276527076024756,0.3432450984418905,-0.9234812406724165,0.17136277460916477,2.642319535920178,46.927012161751065,16.28056444048434,12.866745944799277,9.900247061383418,4.593584107783362,3962.0,9830.171327105198, 0.24697024470424367, -0.28540483645906534,-0.8689417826771546,62.82763857308411, 12.942705704189803,12.942705704189803,22.241662897566318, 127.0, 0.0, 1049.1691065118628, 852.6375567895003, 447.7953054013125, 0.0, 0.0, 0.0, NaN, 127.0, 0.0, 4348.0, 1049.3408463661453, 852.294388224471, 446.71435142594294
17, 0 ,0.00139999995008111,0.00139999995008111,0.00139999995008111,1269.2508674531575,758.8816793893129,458.9208882720333,2.7190707754317103,4.5630235735921065,12.597254728387798,13.0,27.0,65.0,-0.006172988547922386,-0.13699285416973564,0.9905528012775576,12.704034928027772,0.32841834350763466,-0.935902592285323,-0.1273881054153548,4.427434778418651,-0.9445121946592793,-0.3245293448365522,-0.050768282222955714,2.431187886024473,66.04219231017396,25.362908284319076,12.166358502977573,12.13753346884786,6.291711849683654,5764.0,20378.91896093006, 0.13327338529620647, 0.11966816962728899,-0.759354280168111,72.50823931213401, 14.033136710617626,14.033136710617626,23.2243182348893, 127.0, 0.0, 1269.2508674531575, 758.8816793893129, 458.9208882720333, 0.0, 0.0, 0.0, NaN, 127.0, 0.0, 8771.0, 1270.5015391631514, 761.9545091779729, 451.7145137384563
18, 0 ,0.00139999995008111,0.00139999995008111,0.00139999995008111,1025.311697574893,757.8116975748931,450.09218972895866,5.406235381336152,4.051759287477545,9.455441507004952,30.0,20.0,44.0,-0.41610487976266924,0.02244409577373702,0.9090395984788527,10.274855459562437,-0.5676291018798522,-0.787408202837999,-0.24038619927630037,4.639600687113825,0.7103899856675675,-0.6160232014042422,0.34038431749259684,2.819744520997673,51.08841196038691,22.907986467852652,13.580771047514759,10.592237417814422,4.780587296464113,5608.0,15894.019767079755, -0.25416238507318667, -0.25965107003992216,-0.23813975477997928,88.95073965983836, 13.46629814550642,13.46629814550642,22.11260908277189, 127.0, 0.0, 1025.311697574893, 757.8116975748931, 450.09218972895866, 0.0, 0.0, 0.0, NaN, 127.0, 0.0, 7268.0, 1019.7570170610898, 758.7871491469455, 452.960236653825
19, 0 ,0.00139999995008111,0.00139999995008111,0.00139999995008111,1080.8832923832924,821.3114250614251,445.9658067158067,5.5640760962414335,2.4672018290336566,8.585949440161759,34.0,18.0,36.0,-0.03910760192165346,0.037042424338765895,0.9985481732350445,8.595072720614274,0.9987791206673882,-0.028733773653435317,0.04018256301571463,5.560212224004869,0.030180516742034473,0.9989005100863348,-0.0358734910267154,2.4440377268662474,36.48904513061609,33.80920863999063,17.67099539453045,9.788983198129397,3.8652766273199806,4884.0,21800.10160807514, 0.2736853124833942, -0.36557120691588807,-0.7547572715523643,58.356120284457816, 13.760647010647011,13.760647010647011,23.243217800058396, 127.0, 0.0, 1080.8832923832924, 821.3114250614251, 445.9658067158067, 0.0, 0.0, 0.0, NaN, 127.0, 0.0, 9359.0, 1081.5127684581687, 820.4081632653061, 446.11678598140827
20, 0 ,0.00139999995008111,0.00139999995008111,0.00139999995008111,1109.3213239601641,762.7103104862332,452.4367311072056,6.073907905089926,4.167884897628994,8.305457193394998,33.0,23.0,38.0,0.2276172702435741,-0.04884221720695503,0.9725249693993323,8.40773266292601,-0.8709887478107172,0.43635712935736376,0.22576770549863756,6.394353508197731,0.435395199185731,0.898446934146536,-0.05678139703026043,3.4156281459902726,37.20015992320941,36.96115475734803,22.985197996233637,10.415293666148914,3.8426421637453214,6828.0,31603.747786210748, 0.36940736560814, -0.5923597627290746,0.3214523108624121,72.20449475245458, 14.97949619214997,14.97949619214997,22.636855577648305, 127.0, 0.0, 1109.3213239601641, 762.7103104862332, 452.4367311072056, 0.0, 0.0, 0.0, NaN, 127.0, 0.0, 11509.0, 1110.4712833434703, 759.8316969328351, 451.7109218872187
21, 0 ,0.00139999995008111,0.00139999995008111,0.00139999995008111,1071.9058639784182,737.5773108050547,463.3024279426381,6.077760436039635,4.185949301613559,11.717459364808915,41.0,25.0,55.0,0.1981544395640418,-0.14955827820450493,0.9686935219673788,12.011619409978307,0.9445622440501574,-0.23482763884434268,-0.22947363061955892,5.832549082526226,-0.26179569361620775,-0.9604625455765025,-0.09473496370777698,3.669137199570324,55.11766941389351,42.873741701434824,26.70184634177531,12.535155484842026,5.884732314247772,7043.0,63099.15235927203, 0.6757915722891994, -0.16190377395082578,-0.6299072170879754,79.93242539427708, 18.222916370864688,18.222916370864688,26.087196430272357, 127.0, 0.0, 1071.9058639784182, 737.5773108050547, 463.3024279426381, 0.0, 0.0, 0.0, NaN, 127.0, 0.0, 12569.0, 1068.3412363752088, 737.3326438061898, 463.7721377993476
22, 0 ,0.00139999995008111,0.00139999995008111,0.00139999995008111,966.1611747851003,734.2636103151863,464.0637535816619,7.633908155703613,4.678768272041834,8.761947468824584,32.0,29.0,41.0,0.5814586337613918,-0.17889362595493682,0.7936642412361984,10.481647361446178,-0.7092672219977555,-0.5893527986292157,0.38678584067607513,6.2982613368913425,0.39855472023791505,-0.7878199980583168,-0.46956765820856006,2.7214191963262495,48.44122477931887,32.29675245453268,14.381479677198968,11.316767812329763,5.373073236188179,4188.0,22499.742193762155, -1.4037422314124797, -0.6725503163826261,-0.25559422292531053,60.6403076463889, 15.966571155682903,15.966571155682903,24.917635668861546, 127.0, 0.0, 966.1611747851003, 734.2636103151863, 464.0637535816619, 0.0, 0.0, 0.0, NaN, 127.0, 0.0, 7685.0, 970.9212752114508, 732.4936890045543, 465.1675992192583
23, 0 ,0.00139999995008111,0.00139999995008111,0.00139999995008111,1099.336530982629,857.9175525019446,455.49338864402387,3.419551480358295,4.383004561385133,6.199142710274078,16.0,19.0,28.0,-0.09966656729042303,-0.10331938219260123,0.9896421982857659,6.2440365743199955,0.36263560985142557,-0.9299607366893521,-0.060567670286075743,4.503739544509911,0.926586202051503,0.3528429303238727,0.13015328151158717,3.172029165701285,28.407647523034427,19.738526973663625,15.388977195307007,7.909694384722483,2.6019543413706594,3857.0,8628.9860366829, 0.11575126703291971, -0.09831465583840782,0.29873709585064034,53.95193281000035, 11.695359087373607,11.695359087373607,20.774996482570902, 127.0, 0.0, 1099.336530982629, 857.9175525019446, 455.49338864402387, 0.0, 0.0, 0.0, NaN, 127.0, 0.0, 4293.0, 1100.3030514791521, 857.4602841835547, 454.92895411134407
24, 0 ,0.00139999995008111,0.00139999995008111,0.00139999995008111,1270.34280865507,928.026092490454,469.9823928722953,6.158320309934854,2.344338933866487,11.539068118517381,34.0,12.0,54.0,0.40468407994526445,-0.021411137307454857,0.9142058622859823,12.507129998429772,0.9144560022809479,0.010576884452651288,-0.40454709170580216,3.8362697866697637,0.001007636443490698,-0.9997148056893407,-0.023859839779872175,2.329304713137695,58.73908381410649,21.81410516764913,11.952888534486533,11.74035522011713,6.223743762868992,4714.0,15315.720790051484, -0.35488764689284835, 0.09389016841919329,-1.0753024442983588,48.14436155870326, 14.1902842596521,14.1902842596521,23.450614818976767, 127.0, 0.0, 1270.34280865507, 928.026092490454, 469.9823928722953, 0.0, 0.0, 0.0, NaN, 127.0, 0.0, 13614.0, 1248.6947994711327, 931.1446305273982, 453.5105038930513
25, 0 ,0.00139999995008111,0.00139999995008111,0.00139999995008111,1182.130102430821,912.4993120317994,468.8325944045253,6.4715609540501795,2.9717429591536235,11.31636815317087,40.0,18.0,50.0,0.2359847471040969,0.12282277160646281,0.9639635708413063,11.6362733020361,-0.9688434909522585,-0.04701720053285243,0.2431700493348109,6.045144044820931,-0.07518968794759204,0.9913142537202619,-0.1079007006343496,2.61264668354789,51.511625797631496,35.21557012468202,18.0985286185296,12.247098301870123,5.364804633879555,6541.0,32830.93489371244, 1.5207215152659046, -0.09215968785724726,2.1535042722418893,37.98773161170526, 15.539672832900168,15.539672832900168,26.295333681936924, 127.0, 0.0, 1182.130102430821, 912.4993120317994, 468.8325944045253, 0.0, 0.0, 0.0, NaN, 127.0, 0.0, 10018.0, 1187.0708724296267, 910.0707726093033, 467.68766220802553
26, 0 ,0.00139999995008111,0.00139999995008111,0.00139999995008111,1043.626204238921,707.9954457873533,467.5892450516728,6.280202133805367,2.7149212264452776,9.252759262809533,37.0,19.0,40.0,0.13186385776907905,0.07767022113867587,0.9882202486098556,9.326321507274436,0.9895535135337343,-0.06892005532033763,-0.12662491787828803,6.22175183898189,0.05827320882959566,0.9945940693181871,-0.0859469045969169,2.595153421252778,42.30694660682536,37.107135580752924,18.35393219369655,10.653831317965576,4.349846931916121,5709.0,28813.64733876422, 0.6807120501321151, -0.24344244845519825,1.349557714842831,42.34744830832571, 14.689087405850412,14.689087405850412,23.91995296010916, 127.0, 0.0, 1043.626204238921, 707.9954457873533, 467.5892450516728, 0.0, 0.0, 0.0, NaN, 127.0, 0.0, 8742.0, 1039.01532830016, 709.9616792495997, 467.68256691832534
27, 0 ,0.00139999995008111,0.00139999995008111,0.00139999995008111,1237.253302433372,881.7130938586326,469.49385863267673,4.384797830456936,2.48438041530866,10.333652651196918,26.0,13.0,45.0,-0.11823458898516484,-0.0776238864217442,0.9899470259687098,10.425722248453331,-0.9892194393281224,0.09595469513742075,-0.1106236743940448,4.248945800758735,0.08640302554230456,0.9923543866673179,0.08813222134535743,2.331040616947303,46.07747078798889,27.01785155674679,12.283681477257574,10.422106164633501,4.854140322513001,4315.0,15292.1303083209, -0.2402758307455315, -0.06376645668660785,0.12782046981692474,74.11080060651364, 13.076013904982618,13.076013904982618,22.56866985885417, 127.0, 0.0, 1237.253302433372, 881.7130938586326, 469.49385863267673, 0.0, 0.0, 0.0, NaN, 127.0, 0.0, 10697.0, 1234.2697017855473, 881.3994577919043, 471.7189866317659
28, 0 ,0.00139999995008111,0.00139999995008111,0.00139999995008111,1131.5642201834862,709.2733605164798,471.9119945633707,4.748861565216128,3.848630183100155,9.342288673526424,27.0,20.0,43.0,0.08400560471320033,-0.10656181666267397,0.9907510472395775,9.414390750477098,0.9729880882082266,0.2233256528515865,-0.05847933808887482,4.7434891273951685,-0.2150284599341905,0.968901559503319,0.12244398478637844,3.6756707968712004,43.70058713565811,29.84388882724761,19.867807129211883,10.292833490990235,4.324300734003994,5886.0,25911.503940764134, -0.9048263706317812, -0.5228762395313424,1.2954151639262932,66.54882902614412, 14.646788990825687,14.646788990825687,24.138702842294244, 127.0, 0.0, 1131.5642201834862, 709.2733605164798, 471.9119945633707, 0.0, 0.0, 0.0, NaN, 127.0, 0.0, 12966.0, 1140.6393644917478, 707.5348604041338, 469.4778651858707
29, 0 ,0.00139999995008111,0.00139999995008111,0.00139999995008111,1027.16093953893,809.0717703349283,475.292301000435,3.9846078564551553,4.071733788961063,9.944683317448815,19.0,18.0,48.0,0.10287909286716053,0.23740850679242204,0.9659467341180997,10.232806817936686,-0.7696857275933003,-0.5961333755823791,0.22849262407336118,4.631461178711952,-0.6300791799369365,0.7669825287575662,-0.12140027837961079,2.278612314350273,49.93449896924801,21.713957523375257,12.537245169673838,10.404240738453847,4.80672619966369,4598.0,13593.82889792267, 0.3120979100110617, 0.15010863393865748,0.6361993256556957,61.01201276423826, 12.672031317964333,12.672031317964333,21.94114781965798, 127.0, 0.0, 1027.16093953893, 809.0717703349283, 475.292301000435, 0.0, 0.0, 0.0, NaN, 127.0, 0.0, 5742.0, 1026.4994775339603, 809.6443747823058, 479.7082897944967
30, 0 ,0.00139999995008111,0.00139999995008111,0.00139999995008111,1267.7559486537257,826.4765184721352,476.9447401377583,5.536814287405553,4.172949343793152,9.682850370986921,31.0,23.0,42.0,0.2477990091180332,-0.12374748130964215,0.9608757526078179,9.93160402493091,0.7901176188169728,-0.5481279046890112,-0.2743536924049525,5.9636515179878025,-0.5606333913665129,-0.827189434755277,0.03805048638490835,2.7614329703944342,43.265742572869954,35.28126044001601,14.00351681825191,11.014215699677576,4.529289404198214,6388.0,21375.94736313489, 1.7340127319880594, -1.150629298436911,0.4949566685872355,69.2335401266175, 14.22964934251722,14.22964934251722,22.504692700694253, 127.0, 0.0, 1267.7559486537257, 826.4765184721352, 476.9447401377583, 0.0, 0.0, 0.0, NaN, 127.0, 0.0, 7847.0, 1270.0536510768447, 824.5554989167834, 476.2756467439786
31, 0 ,0.00139999995008111,0.00139999995008111,0.00139999995008111,1121.6457027300303,866.5805864509606,477.4422649140546,5.364325691828406,3.705163677423667,7.946634019586298,33.0,18.0,38.0,-0.20898152650658536,-0.25238408942262247,0.9447904492453821,8.23714095956279,-0.9124914950375708,-0.2971217190079186,-0.2812080290067815,5.46025751331323,-0.3516901947212586,0.9208805326968824,0.16820538468440913,2.82636107855237,42.02999776715234,32.72318579623152,17.115911902437972,9.516913923380644,3.883499661480693,4945.0,23540.46230509549, -1.071173733656451, -0.21946094996542342,-2.0981391676740486,56.6617577868158, 14.83397371081901,14.83397371081901,24.24557830250223, 127.0, 0.0, 1121.6457027300303, 866.5805864509606, 477.4422649140546, 0.0, 0.0, 0.0, NaN, 127.0, 0.0, 5793.0, 1120.3212497842223, 866.2181943725186, 477.29742793026065
32, 0 ,0.00139999995008111,0.00139999995008111,0.00139999995008111,1213.78715907608,835.7610596372178,478.39005611379355,9.60267601881441,3.0731968238239404,7.618181257246258,56.0,19.0,36.0,0.9741278526851993,-0.03462122735536026,0.22333001867042362,9.704007410952359,0.22492269820382438,0.05225237128561538,-0.9729745472147467,7.504047496820207,-0.022016049955309938,-0.9980335967849173,-0.05868759011006195,3.0354773005544318,55.40985859769762,33.295867698447296,18.92583554013413,11.660150131298975,4.871705042806192,7663.0,34916.63965517122, 0.1096026613788581, -0.40382326393933,0.03780388189761652,85.66950006273285, 15.748662403758319,15.748662403758319,24.730392573101952, 127.0, 0.0, 1213.78715907608, 835.7610596372178, 478.39005611379355, 0.0, 0.0, 0.0, NaN, 127.0, 0.0, 15691.0, 1201.8996239882736, 839.9160665349564, 477.9834937225161
33, 0 ,0.00139999995008111,0.00139999995008111,0.00139999995008111,1064.1648409893992,769.6731448763251,484.871554770318,8.494866495527525,4.452245989389571,9.012747355672001,55.0,30.0,42.0,-0.5593962165916085,0.3291151932352235,-0.7607621589200763,9.739408881002978,0.7818060151799171,-0.09546658345734294,-0.6161700139340449,8.261060322581557,0.27541827733738555,0.9394516065368791,0.20390059216143375,3.180198581748199,52.34307149026654,48.05789537607035,25.572400793084626,11.808204275191386,5.812157759335143,5660.0,64327.319299790295, 2.437124099873472, -2.4050725871684335,3.274066872881292,33.99706879051153, 19.474204946996466,19.474204946996466,28.344920067374353, 127.0, 0.0, 1064.1648409893992, 769.6731448763251, 484.871554770318, 0.0, 0.0, 0.0, NaN, 127.0, 0.0, 11872.0, 1059.4777628032346, 767.5328504043126, 487.9081873315364
34, 0 ,0.00139999995008111,0.00139999995008111,0.00139999995008111,1178.3676866173503,821.9280430396772,485.9808338937458,5.893114155224954,3.6873710393366594,9.551719329133809,34.0,25.0,43.0,0.42731846130859624,-0.07123189057185055,0.9012907135827006,10.400476161566251,0.8985262810740837,0.14399533856689006,-0.4146273805360466,4.288216701714976,0.10024696925109822,-0.9870113273091482,-0.12553559224141478,3.6058473210363147,48.15657971496762,25.45846986315337,25.299331053095102,10.785799096405949,4.819479185842526,5948.0,31016.798560555642, 1.2565661159510455, -0.4291831991762365,0.943706036488777,44.404611512136384, 13.639710827168797,13.639710827168797,21.897937202302312, 127.0, 0.0, 1178.3676866173503, 821.9280430396772, 485.9808338937458, 0.0, 0.0, 0.0, NaN, 127.0, 0.0, 8443.0, 1178.9817600379013, 819.2386592443444, 486.5315646097359
35, 0 ,0.00139999995008111,0.00139999995008111,0.00139999995008111,1290.0940098060114,855.0515881475166,494.10104455340013,3.2021876740303545,4.177869940926358,9.383672836309307,16.0,22.0,41.0,-0.0441076248175919,0.08836226670245181,0.9951113642483211,9.42287245227678,0.34795082536902877,0.9350718376552335,-0.06760829497240708,4.237300058068905,-0.9364746342309344,0.34326777921510315,-0.0719895214233896,3.002779047467488,41.59438528330145,21.605523554015463,16.942510999847627,9.81414572913528,4.409587582664919,4691.0,15225.700454340222, 0.2929673474407082, 0.042044987834287895,-0.4421557692638771,73.21973646635959, 13.566830100191856,13.566830100191856,22.479407658024183, 127.0, 0.0, 1290.0940098060114, 855.0515881475166, 494.10104455340013, 0.0, 0.0, 0.0, NaN, 127.0, 0.0, 9708.0, 1287.5194684796045, 868.6470951792336, 496.3420889987639
36, 0 ,0.00139999995008111,0.00139999995008111,0.00139999995008111,1129.3190101989635,753.6057515465641,497.8719277712757,8.071215049747149,3.0724507390717335,7.750669663511139,42.0,14.0,37.0,-0.7917171563985193,-0.09650960954781297,0.6032162460752953,8.550928985990664,-0.6041011969616125,-0.023090925714359663,-0.7965730054296348,7.260944773936688,-0.09080577125816149,0.9950641710033493,0.040020088600949404,2.9694512325588662,46.84560201737099,40.92747830638609,14.662657927373289,10.515080482592756,4.9082001386204315,5981.0,28112.308772914464, -4.371113314028889, -0.11544087937977565,-0.052116836546247214,38.16990491182521, 15.935629493395753,15.935629493395753,23.95099011864493, 127.0, 0.0, 1129.3190101989635, 753.6057515465641, 497.8719277712757, 0.0, 0.0, 0.0, NaN, 127.0, 0.0, 8123.0, 1123.7544010833435, 753.4782715745414, 497.4253354671919
37, 0 ,0.00139999995008111,0.00139999995008111,0.00139999995008111,992.1482880467893,855.8498842451565,507.84964055074937,7.965263117324724,10.854864374487704,11.09591564622859,59.0,55.0,57.0,-0.5440458458312081,-0.8219797391095138,0.16841444750157572,12.326650840466467,0.10083121208358975,-0.2633131677330558,-0.9594265174405686,11.300259323648602,0.8329749001642004,-0.5049905783198729,0.22613564846039017,4.9750034593431804,66.75561337122645,60.117511903695345,34.09433593754761,15.458303311682032,8.089109955304357,8207.0,136826.7541985993, 3.673024259544377, 5.743992634026995,-0.7157710916302449,5.791166415569618, 23.31826489582064,23.31826489582064,29.1504224589422, 127.0, 0.0, 992.1482880467893, 855.8498842451565, 507.84964055074937, 0.0, 0.0, 0.0, NaN, 127.0, 0.0, 18111.0, 987.953950637734, 860.3421677433604, 509.3595052730385
38, 0 ,0.00139999995008111,0.00139999995008111,0.00139999995008111,1219.639225181598,768.5227333871402,511.8474576271187,2.9450715760825896,2.554297577051253,12.595809933942439,13.0,11.0,58.0,-0.04484768106268302,0.07692377657091426,0.9960278199434833,12.6438217344408,0.9628519692049359,-0.2624279149184346,0.06362133973550205,2.9319950549811895,-0.2662794977114784,-0.9618806173687203,0.062296926319778415,2.3215269840410535,58.442623035906536,14.338185892140132,11.34176363147867,11.547473174014282,6.3646031995563845,3717.0,9503.957784640621, 0.02682693912765899, 0.39931326774160425,2.054872947987917,72.24934175036732, 24.807371536185094,24.807371536185094,28.031094988560653, 127.0, 0.0, 1219.639225181598, 768.5227333871402, 511.8474576271187, 0.0, 0.0, 0.0, NaN, 127.0, 0.0, 4144.0, 1219.6322393822393, 768.5919401544402, 512.3593146718147
39, 0 ,0.00139999995008111,0.00139999995008111,0.00139999995008111,1083.6025336500395,939.8703483768804,505.7214964370546,3.7514813007104806,4.4292645483425535,9.173431738387485,20.0,20.0,40.0,-0.1008491221691819,0.050183838691643744,0.9936352635106489,9.227650350298012,0.5939738397474505,0.8042439257000381,0.019666867321999255,5.17768733696098,-0.7981381661425392,0.5921767390811319,-0.1109151812776878,2.4260810169815676,40.34954238386928,24.924381412047524,11.627601024895512,10.053890918305557,4.09427938109409,5052.0,11693.731658982544, 0.28828285129202413, 0.42898353410328127,-0.8149977529874946,65.95487851481971, 12.710411718131432,12.710411718131432,23.8878322532462, 127.0, 0.0, 1083.6025336500395, 939.8703483768804, 505.7214964370546, 0.0, 0.0, 0.0, NaN, 127.0, 0.0, 6178.0, 1083.144383295565, 940.0085788280998, 502.356749757203
40, 0 ,0.00139999995008111,0.00139999995008111,0.00139999995008111,1073.87673729779,833.9081795397585,513.3695602642971,4.457447089836596,3.5771609247106264,8.474272824128859,36.0,19.0,40.0,-0.22327112803303154,0.07657000817083064,0.9717443270920482,8.654119632407317,0.8169310952641362,-0.5291512722467252,0.22939598224513774,4.494645671064755,-0.5317645992141605,-0.8450656571701345,-0.05559178081525955,3.0631011111779114,39.176053116365324,35.988730678714774,21.31035150551611,9.386719090185933,4.045703827479,4389.0,30045.3883958728, -0.1708381902515157, -0.09556481730771793,0.06497673171531915,79.49043594499787, 14.39872408293461,14.39872408293461,23.163874935776555, 127.0, 0.0, 1073.87673729779, 833.9081795397585, 513.3695602642971, 0.0, 0.0, 0.0, NaN, 127.0, 0.0, 6937.0, 1078.9237422516937, 831.511460285426, 514.9009658353755
41, 0 ,0.00139999995008111,0.00139999995008111,0.00139999995008111,1159.1230075672195,910.7452906134278,525.0850104653035,6.424624858739616,3.9942207838338137,11.174189923366173,34.0,26.0,58.0,0.007577509510232517,0.2595183603693551,0.9657084456402065,11.546321994249977,0.9841105567034804,0.16938633988094373,-0.0532417134069113,6.511878000120003,-0.17739502116572659,0.9507673156419183,-0.2541112314965091,2.523889459872491,61.34201963594842,34.31162634242901,14.656957179043616,12.13571046121356,5.90056406545988,6211.0,30849.149376712852, 0.1064200494670331, -0.41984057570005007,-0.018728262005083707,74.65520989433679, 14.936403155691515,14.936403155691515,24.107631379244147, 127.0, 0.0, 1159.1230075672195, 910.7452906134278, 525.0850104653035, 0.0, 0.0, 0.0, NaN, 127.0, 0.0, 10140.0, 1165.0802761341222, 907.3693293885601, 526.0975345167653
42, 0 ,0.00139999995008111,0.00139999995008111,0.00139999995008111,1062.4368791764493,807.0231172114864,519.6599241466498,5.884202383234688,2.5275452358122137,10.424930846870248,37.0,12.0,46.0,-0.027044737037965647,-0.00986657901992419,0.9995855305160188,10.428124111603186,-0.988044691013497,0.15208902548338926,-0.025231268052872985,5.937250705016081,0.15177704292346175,0.988317549649887,0.013861828719659965,2.386375357473112,45.889933613603034,37.243807725090164,12.909794213528812,11.241686619461113,4.828663139813893,5537.0,22064.334091603883, -1.400434689040594, 0.2545544981178409,-0.7364019851147532,79.1193061514544, 14.945999638793571,14.945999638793571,24.549334633262173, 127.0, 0.0, 1062.4368791764493, 807.0231172114864, 519.6599241466498, 0.0, 0.0, 0.0, NaN, 127.0, 0.0, 8677.0, 1058.9560908147978, 808.31600783681, 520.66140371096
43, 0 ,0.00139999995008111,0.00139999995008111,0.00139999995008111,1041.3986250545613,877.1805979921431,519.4676996944565,14.22177656650243,6.717275706746829,11.154520818535122,83.0,48.0,48.0,-0.8785715259467982,0.3877398360881428,0.2788725395334841,15.765872046416746,0.2817913125582861,-0.050613980442856144,0.9581398025081767,10.69746484185249,-0.38562381923604344,-0.9203782073115758,0.06479371531049094,2.967419904975876,83.5014691381121,49.560264415222946,29.986293799051964,16.568396230173363,9.863686059434357,9164.0,124093.92556262203, 5.655994004066542, -2.9879113581705496,-2.2040486189471267,33.68573930419248, 22.184526407682235,22.184526407682235,29.006642486914323, 127.0, 0.0, 1041.3986250545613, 877.1805979921431, 519.4676996944565, 0.0, 0.0, 0.0, NaN, 127.0, 0.0, 20068.0, 1039.2262806458043, 877.6623480167431, 516.4167829380108
44, 0 ,0.00139999995008111,0.00139999995008111,0.00139999995008111,1200.135663507109,855.6974723538705,518.2259083728278,5.389632974154475,3.162606349051693,8.85154417519567,34.0,17.0,40.0,0.025322483625999526,-0.17076164056506465,0.9849869206921167,8.970813430786622,0.9913795376376334,-0.12241280930597534,-0.046708847889999135,5.419971113071423,0.12855109558616423,0.9776786620507508,0.1661897999103744,2.7474490575960484,41.34732657996142,32.90157248638775,14.377161694481856,10.059799664790377,4.024982919824879,5064.0,19558.57665173098, -0.19144237230761973, 0.4209739935605512,-0.017880876614412955,79.56860134004891, 13.559241706161137,13.559241706161137,23.423450275433744, 127.0, 0.0, 1200.135663507109, 855.6974723538705, 518.2259083728278, 0.0, 0.0, 0.0, NaN, 127.0, 0.0, 9635.0, 1204.1157239231966, 860.3830825116762, 521.2429683445771
45, 0 ,0.00139999995008111,0.00139999995008111,0.00139999995008111,968.3686985867961,784.9187935034803,514.4912465724531,4.247001370777215,4.87168695526453,6.459042781217748,21.0,29.0,29.0,0.13663984873828453,0.39574655206683396,0.9081377749350542,6.708021573866536,-0.6374413154497067,-0.6666047689388831,0.38640218863987624,5.4096700600498915,-0.7582863054905626,0.6316824744720657,-0.1611804279381404,3.037680774706287,31.36987816297301,29.259629557358153,16.618970288070898,8.65219238860705,2.9375423322241847,4741.0,15254.071115066967, 0.2950407560937265, 0.18928966896419297,0.14819712212567993,61.24472695915679, 12.345285804682556,12.345285804682556,21.07574034970729, 127.0, 0.0, 968.3686985867961, 784.9187935034803, 514.4912465724531, 0.0, 0.0, 0.0, NaN, 127.0, 0.0, 5664.0, 970.9484463276837, 787.065854519774, 514.8185028248588
46, 0 ,0.00139999995008111,0.00139999995008111,0.00139999995008111,1136.4047214353163,827.9578847969783,523.0120868744099,3.9253102814058605,3.2663797539221546,9.420060029601222,17.0,17.0,42.0,0.08455975034047258,-0.004279840102717328,0.9964092189412196,9.448332145854385,0.9962292962584275,0.019845044330260252,-0.0844592416018955,3.857163447542362,0.01941231307171592,-0.9997939073550235,-0.005941794087691098,3.265905427900739,42.449665128120046,18.833691440295752,16.962432591317906,9.872741828673728,4.164588484807317,5295.0,13561.191672827765, -0.1539906689390591, 0.14817648353209734,-0.026998959876209483,84.99194564106007, 12.728045325779037,12.728045325779037,21.750349265184916, 127.0, 0.0, 1136.4047214353163, 827.9578847969783, 523.0120868744099, 0.0, 0.0, 0.0, NaN, 127.0, 0.0, 5615.0, 1136.3688334817452, 828.0776491540516, 523.2236865538736
